0 0 0 0 0 0 0 0 0 0 0 0 0 0 0 0 0 0 0 0 0 0 0 0 0 0 0 6 6 6 0 0 0 0 0 0 0 0 0 0
0 0 0 0 0 0 0 0 0 0 0 0 0 0 0 0 0 0 0 0 0 0 0 0 0 0 6 6 6 6 6 0 0 0 0 0 0 0 0 0
0 0 0 0 0 0 0 0 0 0 0 0 0 0 0 0 0 0 0 0 0 5 0 0 0 0 0 6 6 6 0 0 0 0 0 0 5 0 0 0
0 0 0 0 0 0 0 0 0 0 0 0 0 0 0 0 0 0 0 0 5 5 5 0 0 0 6 0 6 0 6 0 0 0 0 5 5 5 0 0
0 0 0 0 0 0 0 0 0 0 0 0 0 0 0 0 0 0 0 5 5 5 5 5 0 0 0 0 0 0 0 0 0 0 5 5 5 5 5 0
0 0 0 0 5 0 0 0 0 0 5 0 0 0 0 0 5 0 5 5 5 5 5 5 5 0 0 0 0 0 0 0 0 5 5 5 5 5 5 5
0 0 0 5 5 5 0 0 0 5 5 5 0 0 0 5 5 5 0 0 0 4 0 0 0 0 0 0 0 0 0 0 0 0 0 0 4 0 0 0
0 0 5 5 5 5 5 0 5 5 5 5 5 0 5 5 5 5 5 0 0 4 0 0 5 0 0 0 5 0 0 0 0 0 0 0 4 0 5 0
0 0 0 0 4 0 0 0 0 0 4 0 0 0 0 0 4 0 0 0 0 4 0 5 5 5 0 5 5 5 0 0 0 0 0 0 4 5 5 5
0 0 0 0 4 0 0 8 0 0 4 0 0 0 0 0 4 0 0 0 0 4 0 0 4 0 0 0 4 0 0 0 0 0 0 0 4 0 4 0
0 0 0 0 4 0 8 8 8 0 4 0 0 0 0 8 4 0 0 0 0 4 0 0 4 0 0 0 4 0 0 0 0 0 0 0 4 0 4 0
0 0 0 0 4 0 8 8 8 0 4 8 0 0 8 8 4 0 0 8 0 4 0 0 4 0 0 0 4 8 0 0 0 0 8 0 4 0 4 0
5 5 5 5 5 5 5 5 5 5 5 5 5 5 5 5 5 5 5 5 5 5 5 5 5 7 7 7 5 5 5 5 5 5 5 5 5 5 5 5
3 3 3 3 8 3 3 3 3 3 3 3 3 3 3 3 3 3 3 3 3 3 3 3 3 7 7 7 3 3 3 3 3 3 3 3 3 3 3 3
3 3 3 3 3 3 3 3 3 3 3 3 3 3 3 3 3 3 3 3 3 3 8 3 8 7 7 7 3 3 3 3 3 3 3 3 3 3 3 3
3 3 3 3 3 3 8 3 3 8 3 3 3 3 3 3 3 3 3 3 3 3 8 3 3 7 7 7 3 3 3 3 3 8 3 3 8 3 3 3
3 8 3 3 3 3 3 3 3 3 3 3 3 3 3 3 3 3 3 3 3 3 8 3 3 7 7 7 3 3 3 3 3 3 3 3 3 3 3 3
3 3 3 3 8 3 3 3 3 3 3 3 3 3 3 3 3 3 3 3 3 3 8 3 3 3 3 3 3 3 3 3 3 3 3 3 8 3 3 8
3 3 3 3 3 3 8 3 3 3 3 3 3 3 8 3 3 3 3 3 3 3 3 3 3 3 3 3 8 3 3 3 3 3 3 3 3 3 3 3
3 3 3 3 3 3 3 3 3 3 3 3 3 3 3 3 3 3 3 3 3 3 3 3 3 3 3 3 3 3 3 3 3 3 3 3 3 3 3 3